669685000.00000000
669684000.00000000
669504000.00000000
669505000.00000000
669685000.00000000
669685000.00000000
669684000.00000000
669684000.00000000
669684000.00000000
669685000.00000000
670943000.00000000
671000000.00000000
671240000.00000000
671320000.00000000
671493000.00000000
671494000.00000000
671493000.00000000
671494000.00000000
671494000.00000000
671493000.00000000
671493000.00000000
671493000.00000000
671494000.00000000
671494000.00000000
671500000.00000000
671500000.00000000
671500000.00000000
671500000.00000000
671500000.00000000
671501000.00000000
671500000.00000000
671500000.00000000
671495000.00000000
671494000.00000000
671493000.00000000
671000000.00000000
670613000.00000000
670599000.00000000
669685000.00000000
669684000.00000000
669504000.00000000
669505000.00000000
669685000.00000000
669685000.00000000
669684000.00000000
669684000.00000000
669684000.00000000
669685000.00000000
670943000.00000000
671000000.00000000
671240000.00000000
671320000.00000000
671493000.00000000
671494000.00000000
671493000.00000000
671494000.00000000
671494000.00000000
671493000.00000000
671493000.00000000
671493000.00000000
671494000.00000000
671494000.00000000
671500000.00000000
671500000.00000000
671500000.00000000
671500000.00000000
671500000.00000000
671501000.00000000
671500000.00000000
671500000.00000000
671495000.00000000
671494000.00000000
671493000.00000000
671000000.00000000
670613000.00000000
670599000.00000000
669685000.00000000
669684000.00000000
669504000.00000000
669505000.00000000
669685000.00000000
669685000.00000000
669684000.00000000
669684000.00000000
669684000.00000000
669685000.00000000
670943000.00000000
671000000.00000000
671240000.00000000
671320000.00000000
671493000.00000000
671494000.00000000
671493000.00000000
671494000.00000000
671494000.00000000
671493000.00000000
671493000.00000000
671493000.00000000
671494000.00000000
671494000.00000000
671500000.00000000
671500000.00000000
671500000.00000000
671500000.00000000
671500000.00000000
671501000.00000000
671500000.00000000
671500000.00000000
671495000.00000000
671494000.00000000
671493000.00000000
671000000.00000000
670613000.00000000
670599000.00000000
669685000.00000000
669684000.00000000
669504000.00000000
669505000.00000000
669685000.00000000
669685000.00000000
669684000.00000000
669684000.00000000
669684000.00000000
669685000.00000000
670943000.00000000
671000000.00000000
671240000.00000000
671320000.00000000
671493000.00000000
671494000.00000000
671493000.00000000
671494000.00000000
671494000.00000000
671493000.00000000
671493000.00000000
671493000.00000000
671494000.00000000
671494000.00000000
671500000.00000000
671500000.00000000
671500000.00000000
671500000.00000000
671500000.00000000
671501000.00000000
671500000.00000000
671500000.00000000
671495000.00000000
671494000.00000000
671493000.00000000
671000000.00000000
670613000.00000000
670599000.00000000
669685000.00000000
669684000.00000000
669504000.00000000
669505000.00000000
669685000.00000000
669685000.00000000
669684000.00000000
669684000.00000000
669684000.00000000
669685000.00000000
670943000.00000000
671000000.00000000
671240000.00000000
671320000.00000000
671493000.00000000
671494000.00000000
671493000.00000000
671494000.00000000
671494000.00000000
671493000.00000000
671493000.00000000
671493000.00000000
671494000.00000000
671494000.00000000
671500000.00000000
671500000.00000000
671500000.00000000
671500000.00000000
671500000.00000000
671501000.00000000
671500000.00000000
671500000.00000000
671495000.00000000
671494000.00000000
671493000.00000000
671000000.00000000
670613000.00000000
670599000.00000000
